118
160
133
152
193
114
101
150
137
142
172
193
195
188
119
154
129
131
180
135
199
132
154
100
101
104
145
149
154
172
194
193
146
199
128
194
123
191
135
164
142
184
128
126
175
131
129
137
142
177
157
199
101
182
100
143
171
153
135
119
164
100
141
177
188
198
144
183
149
153
155
163
197
128
180
173
139
131
128
194
151
196
144
189
179
196
162
134
154
195
182
181
125
121
173
199
130
170
187
115
184
131
170
196
145
123
198
165
188
133
112
157
195
165
110
125
185
110
138
122
166
167
146
116
137
127
112
106
128
159
124
157
173
176
159
173
197
103
154
174
191
122
191
169
178
105
131
145
190
108
166
185
110
174
122
136
103
181
132
187
132
154
123
151
176
118
101
156
181
152
170
157
122
149
121
157
176
161
171
144
182
155
174
143
126
121
155
138
158
188
160
120
177
127
160
150
104
177
176
150
171
110
